# oST version 5.0 parameters


[image]

width
640

height
480

[narrow_stereo]

camera matrix
340.764245 0.000000 308.481105
0.000000 341.353013 196.417849
0.000000 0.000000 1.000000

distortion
-0.053381 0.006994 0.002267 -0.011953 0.000000

rectification
1.000000 0.000000 0.000000
0.000000 1.000000 0.000000
0.000000 0.000000 1.000000

projection
322.544556 0.000000 293.962866 0.000000
0.000000 332.741547 195.136115 0.000000
0.000000 0.000000 1.000000 0.000000
